# значения x , yl и y2
-3, 1.378404875209022, 1.9799849932008908
-2.5, 1.364576478442026, 1.6022872310938674
-2.0, 1.3416407864998738, 0.8322936730942848
-1.5, 1.3008872711759818, 0.1414744033354058
-1.0, 1.224744871391589, 1.0806046117362795
-0.5, 1.0954451150103321, 1.7551651237807455
0.0, 1.0, 2.0
0.5, 1.0954451150103321, 1.7551651237807455
1.0, 1.224744871391589, 1.0806046117362795
1.5, 1.3008872711759818, 0.1414744033354058
2.0, 1.3416407864998738, 0.8322936730942848
2.5, 1.364576478442026, 1.6022872310938674
# Результат задания x и s
-3, 3.3583898684099127
-2.5, 3.0
-2.0, 2.966863709535893
-1.5, 2.966863709535893
-1.0, 2.8506102387910777
-0.5, 2.8506102387910777
0.0, 2.3053494831278685
0.5, 2.3053494831278685
1.0, 2.1739344595941588
1.5, 2.1739344595941588
2.0, 1.4423616745113876
2.5, 1.4423616745113876
min(y) = 1.4423616745113876